mid,coverage,filled_entities,unsupported_entities,empty_entities,empty_weight,total_weight,filled_weight
/m/03z19,0.0,0,0,1,1272284.0,1272284.0,0.0
/m/045c7b,0.0,0,0,1,556241.0,556241.0,0.0
/m/03p1p8r,0.0,0,0,1,432953.0,432953.0,0.0
/m/04mvhmh,0.0,0,0,1,423525.0,423525.0,0.0
/m/02g436,0.0,0,0,1,394274.0,394274.0,0.0
/m/0nklshd,0.0,0,0,1,360887.0,360887.0,0.0
/m/0kc4f,0.0,0,0,1,344490.0,344490.0,0.0
/m/0221wv,0.0,0,0,1,340570.0,340570.0,0.0
/m/01kdws,0.0,0,0,1,326043.0,326043.0,0.0
/m/0z90c,0.0,0,0,1,319023.0,319023.0,0.0
/m/02vk7td,0.0,0,0,1,306096.0,306096.0,0.0
/m/02d4jl,0.0,0,0,1,290431.0,290431.0,0.0
/m/01hlwv,0.0,0,0,1,247995.0,247995.0,0.0
/m/03tq69,0.0,0,0,1,223122.0,223122.0,0.0
/m/02d6ph,0.0,0,0,1,186981.0,186981.0,0.0
/m/01g4lh,0.0,0,0,1,182252.0,182252.0,0.0
/m/01bd30,0.0,0,0,1,156591.0,156591.0,0.0
/m/04v49y,0.0,0,0,1,151818.0,151818.0,0.0
/m/0hhrhd0,0.0,0,0,1,146666.0,146666.0,0.0
/m/05q86q,0.0,0,0,1,145325.0,145325.0,0.0
/m/03bw_bg,0.0,0,0,1,136952.0,136952.0,0.0
/m/019rl6,0.0,0,0,1,127127.0,127127.0,0.0
/m/01vmjk,0.407682531643,0,0,1,126304.0,213237.0,86933.0
/m/07rnx,0.0,0,0,1,124629.0,124629.0,0.0
/m/03tmwh,0.0,0,0,1,123499.0,123499.0,0.0
/m/05qj0kq,0.0,0,0,1,121909.0,121909.0,0.0
/m/04m435,0.0,0,0,1,114653.0,114653.0,0.0
/m/01z620,0.0,0,0,1,114060.0,114060.0,0.0
/m/01_6jm,0.22483747885,0,0,1,113159.0,145981.0,32822.0
/m/03yl1r,0.0,0,0,1,112695.0,112695.0,0.0
/m/04xjst,0.0,0,0,1,112238.0,112238.0,0.0
/m/020v6m,0.0,0,0,1,102273.0,102273.0,0.0
/m/07gv72,0.544035086915,1,0,0,99492.0,218201.0,118709.0
/m/026wz69,0.0,0,0,1,93476.0,93476.0,0.0
/m/03_tj7,0.0,0,0,1,90337.0,90337.0,0.0
/m/04p6t2,0.0,0,0,1,85791.0,85791.0,0.0
/m/02zyjq,0.0,0,0,1,85190.0,85190.0,0.0
/m/01jx9,0.0,0,0,1,84705.0,84705.0,0.0
/m/01rmsg,0.0,0,0,1,82231.0,82231.0,0.0
/m/0gwz_9n,0.0,0,0,1,81828.0,81828.0,0.0
/m/02r4dr3,0.0,0,0,1,79720.0,79720.0,0.0
/m/02krld,0.0,0,0,1,75960.0,75960.0,0.0
/m/02q0knk,0.0,0,0,1,75198.0,75198.0,0.0
/m/0b478g,0.0,0,0,1,73559.0,73559.0,0.0
/m/0d8btf,0.0,0,0,1,73058.0,73058.0,0.0
/m/06zq99y,0.0,0,0,1,70567.0,70567.0,0.0
/m/05t8c5,0.0,0,0,1,69927.0,69927.0,0.0
/m/02_t_2,0.0,0,0,1,69047.0,69047.0,0.0
/m/05qc_y,0.0,0,0,1,68899.0,68899.0,0.0
/m/0765wf,0.0,0,0,1,64921.0,64921.0,0.0
/m/09gc6jm,0.0,0,0,1,63726.0,63726.0,0.0
/m/04k024,0.0,0,0,1,62800.0,62800.0,0.0
/m/099c_3,0.0,0,0,1,62606.0,62606.0,0.0
/m/02y_4jg,0.0,0,0,1,62564.0,62564.0,0.0
/m/05q4wt8,0.0,0,0,1,61800.0,61800.0,0.0
/m/06lkbl,0.0,0,0,1,58290.0,58290.0,0.0
/m/0gvtqbr,0.0,0,0,1,58206.0,58206.0,0.0
/m/062dzm,0.0,0,0,1,57910.0,57910.0,0.0
/m/08nhjlx,0.0,0,0,1,57619.0,57619.0,0.0
/m/07vpy2,0.0,0,0,1,55521.0,55521.0,0.0
/m/0bs4y20,0.0,0,0,1,53300.0,53300.0,0.0
/m/03gq420,0.0,0,0,1,52488.0,52488.0,0.0
/m/0314t_,0.0,0,0,1,51548.0,51548.0,0.0
/m/0n84_,0.0,0,0,1,50988.0,50988.0,0.0
/m/03thqs,0.0,0,0,1,49932.0,49932.0,0.0
/m/053pz2,0.0,0,0,1,49722.0,49722.0,0.0
/m/021psw,0.0,0,0,1,49378.0,49378.0,0.0
/m/01f9wm,0.0,0,0,1,49127.0,49127.0,0.0
/m/06whf7,0.0,0,0,1,48881.0,48881.0,0.0
/m/03ds_z,0.0,0,0,1,48708.0,48708.0,0.0
/m/01lgnq,0.071492282634,0,0,1,47885.0,51572.0,3687.0
/m/02f4nm,0.0,0,0,1,46257.0,46257.0,0.0
/m/03cl0sf,0.0,0,0,1,46113.0,46113.0,0.0
/m/02cxrf,0.0,0,0,1,45748.0,45748.0,0.0
/m/03wcmbh,0.0,0,0,1,44145.0,44145.0,0.0
/m/0q849k_,0.0,0,0,1,42692.0,42692.0,0.0
/m/02t63,0.0,0,0,1,42680.0,42680.0,0.0
/m/096g9q,0.0,0,0,1,42046.0,42046.0,0.0
/m/01fw9h,0.0,0,0,1,41848.0,41848.0,0.0
/m/09b1k,0.0,0,0,1,41401.0,41401.0,0.0
/m/05xcz_,0.0,0,0,1,40501.0,40501.0,0.0
/m/02656h,0.0,0,0,1,39227.0,39227.0,0.0
/m/02jwcn,0.0,0,0,1,39011.0,39011.0,0.0
/m/060jqm,0.0,0,0,1,38067.0,38067.0,0.0
/m/089jb4,0.0,0,0,1,37890.0,37890.0,0.0
/m/0byccw,0.0,0,0,1,36186.0,36186.0,0.0
/m/01w1nw,0.0,0,0,1,35862.0,35862.0,0.0
/m/03syc1,0.485317004349,0,0,1,35386.0,68753.0,33367.0
/m/09mm7hc,0.0,0,0,1,35351.0,35351.0,0.0
/m/02rnln,0.0,0,0,1,35148.0,35148.0,0.0
/m/0gq65h,0.0,0,0,1,34762.0,34762.0,0.0
/m/07kgdsm,0.0,0,0,1,34092.0,34092.0,0.0
/m/021b7r,0.0,0,0,1,34016.0,34016.0,0.0
/m/01603r,0.0,0,0,1,33635.0,33635.0,0.0
/m/0jblf,0.0,0,0,1,33472.0,33472.0,0.0
/m/05256wh,0.0,0,0,1,32977.0,32977.0,0.0
/m/09m_kq0,0.0,0,0,1,32747.0,32747.0,0.0
/m/012qj2,0.0,0,0,1,32512.0,32512.0,0.0
/m/0g7tvm_,0.0,0,0,1,31973.0,31973.0,0.0
/m/05mzm6p,0.0,0,0,1,31810.0,31810.0,0.0
