mid,coverage,filled_entities,unsupported_entities,empty_entities,empty_weight,total_weight,filled_weight
/m/02q6nc4,0.0,0,0,1,224031.0,224031.0,0.0
/m/078pfr,0.0,0,0,1,152082.0,152082.0,0.0
/m/02r8mqf,0.0,0,0,1,128364.0,128364.0,0.0
/m/03wfpjd,0.0,0,0,1,122540.0,122540.0,0.0
/m/02kddt,0.0,0,0,1,119644.0,119644.0,0.0
/m/0bdxs5,0.0,0,0,1,108573.0,108573.0,0.0
/m/06k3_t,0.0,0,0,1,94928.0,94928.0,0.0
/m/0hn8t6m,0.0,0,0,1,87569.0,87569.0,0.0
/m/034_bc,0.0,0,0,1,85624.0,85624.0,0.0
/m/0300jn,0.0,0,0,1,84650.0,84650.0,0.0
/m/0djpnw,0.0,0,0,1,79064.0,79064.0,0.0
/m/08cpnf,0.0,0,0,1,65800.0,65800.0,0.0
/m/03f7m4h,0.0,0,0,1,65613.0,65613.0,0.0
/g/12321gy6,0.0,0,0,1,63807.0,63807.0,0.0
/m/047sxrj,0.0,0,0,1,62106.0,62106.0,0.0
/m/09h5m9,0.0,0,0,1,60079.0,60079.0,0.0
/m/0chw_,0.0,0,0,1,59775.0,59775.0,0.0
/m/0bhvvf,0.0,0,0,1,58305.0,58305.0,0.0
/m/07myb2,0.0,0,0,1,57655.0,57655.0,0.0
/m/01w_24q,0.0,0,0,1,56277.0,56277.0,0.0
/m/0h1h46b,0.0,0,0,1,56195.0,56195.0,0.0
/m/01wmxfs,0.0,0,0,1,55266.0,55266.0,0.0
/m/02s_qz,0.0,0,0,1,54258.0,54258.0,0.0
/m/0gfg50n,0.0,0,0,1,51026.0,51026.0,0.0
/m/048lv,0.0,0,0,1,48697.0,48697.0,0.0
/m/0ndskr8,0.0,0,0,1,48221.0,48221.0,0.0
/m/027mj37,0.0,0,0,1,46751.0,46751.0,0.0
/m/0273sth,0.0,0,0,1,46700.0,46700.0,0.0
/m/0h7q7b,0.0,0,0,1,45296.0,45296.0,0.0
/m/071s9m,0.0,0,0,1,44918.0,44918.0,0.0
/m/06p426,0.0,0,0,1,43905.0,43905.0,0.0
/g/121d1tr4,0.0,0,0,1,43096.0,43096.0,0.0
/m/0h96rwf,0.0,0,0,1,42717.0,42717.0,0.0
/m/021m7h,0.172497078302,0,0,1,42484.0,51340.0,8856.0
/m/0693l,0.0,0,0,1,41215.0,41215.0,0.0
/m/0479b,0.0,0,0,1,40844.0,40844.0,0.0
/m/044mfr,0.0,0,0,1,39719.0,39719.0,0.0
/m/011zd3,0.0,0,0,1,39441.0,39441.0,0.0
/m/0fpg8_p,0.0,0,0,1,39340.0,39340.0,0.0
/m/02tn8j,0.0,0,0,1,39264.0,39264.0,0.0
/m/0cdys8,0.0,0,0,1,38426.0,38426.0,0.0
/m/03f0wz3,0.0,0,0,1,38328.0,38328.0,0.0
/m/07kt8k,0.0,0,0,1,37951.0,37951.0,0.0
/m/02xt6q,0.0,0,0,1,37885.0,37885.0,0.0
/m/02n8yh,0.0,0,0,1,37381.0,37381.0,0.0
/m/038rzr,0.0,0,0,1,37177.0,37177.0,0.0
/m/04q06_,0.0,0,0,1,35433.0,35433.0,0.0
/m/01yr6t,0.0,0,0,1,35210.0,35210.0,0.0
/m/02ktrs,0.0,0,0,1,35106.0,35106.0,0.0
/m/021yw7,0.0,0,0,1,34756.0,34756.0,0.0
/m/0fg6cv,0.0,0,0,1,34459.0,34459.0,0.0
/m/026q2s3,0.0,0,0,1,33871.0,33871.0,0.0
/m/0cc8crh,0.0,0,0,1,32995.0,32995.0,0.0
/m/045m1_,0.0,0,0,1,32464.0,32464.0,0.0
/m/04n4hrk,0.0,0,0,1,32257.0,32257.0,0.0
/m/016pns,0.0,0,0,1,32250.0,32250.0,0.0
/m/095xc0,0.0,0,0,1,31661.0,31661.0,0.0
/m/0fd6sd,0.0,0,0,1,31621.0,31621.0,0.0
/m/0296q2,0.0,0,0,1,31551.0,31551.0,0.0
/m/06qjgc,0.530298291858,1,0,0,31540.0,67149.0,35609.0
/m/0dvmd,0.0,0,0,1,30989.0,30989.0,0.0
/m/0dkg24,0.0,0,0,1,30682.0,30682.0,0.0
/m/01gkmx,0.0,0,0,1,30517.0,30517.0,0.0
/m/09gn6xm,0.0,0,0,1,30076.0,30076.0,0.0
/m/0gxrc1,0.0,0,0,1,30025.0,30025.0,0.0
/m/01pgk0,0.0,0,0,1,29576.0,29576.0,0.0
/g/121_43cq,0.0,0,0,1,29024.0,29024.0,0.0
/m/033r13,0.0,0,0,1,28917.0,28917.0,0.0
/m/03f0qd7,0.0,0,0,1,28886.0,28886.0,0.0
/m/076zf_q,0.0,0,0,1,28560.0,28560.0,0.0
/m/01vwd7x,0.0,0,0,1,28380.0,28380.0,0.0
/m/04yfh,0.0,0,0,1,27835.0,27835.0,0.0
/m/01p7ws5,0.0,0,0,1,27636.0,27636.0,0.0
/m/01338h,0.0,0,0,1,27225.0,27225.0,0.0
/m/02q0sw8,0.0,0,0,1,27079.0,27079.0,0.0
/m/03m6_z,0.0,0,0,1,26498.0,26498.0,0.0
/m/05wm88,0.0,0,0,1,26015.0,26015.0,0.0
/m/04jswm8,0.0,0,0,1,25403.0,25403.0,0.0
/m/0dq4hn,0.0,0,0,1,25229.0,25229.0,0.0
/m/05mzqkq,0.0,0,0,1,25129.0,25129.0,0.0
/m/01l72d6,0.0,0,0,1,24728.0,24728.0,0.0
/m/064k68_,0.0,0,0,1,24336.0,24336.0,0.0
/m/0f1lfn,0.0,0,0,1,23203.0,23203.0,0.0
/m/027k3cy,0.0,0,0,1,23197.0,23197.0,0.0
/m/064nc_9,0.0,0,0,1,23013.0,23013.0,0.0
/m/0517_k,0.0,0,0,1,23000.0,23000.0,0.0
/m/0fpwlg,0.0,0,0,1,22602.0,22602.0,0.0
/m/0ndskm6,0.0,0,0,1,22409.0,22409.0,0.0
/m/0j9k00b,0.0,0,0,1,22228.0,22228.0,0.0
/m/051wcwn,0.0,0,0,1,22211.0,22211.0,0.0
/m/04ydywl,0.0,0,0,1,22050.0,22050.0,0.0
/m/03zzy4,0.0,0,0,1,21960.0,21960.0,0.0
/m/07tmz3,0.0,0,0,1,21839.0,21839.0,0.0
/m/05n7g4,0.0,0,0,1,21769.0,21769.0,0.0
/m/0j9m4vm,0.0,0,0,1,21691.0,21691.0,0.0
/m/0gc2cnv,0.0,0,0,1,21605.0,21605.0,0.0
/m/02vml0q,0.0,0,0,1,21469.0,21469.0,0.0
/m/0ds2dyh,0.0,0,0,1,21135.0,21135.0,0.0
/m/04gqdpp,0.0,0,0,1,20904.0,20904.0,0.0
/m/02vphc8,0.0,0,0,1,20777.0,20777.0,0.0
