mid	coverage	filled_entities	unsupported_entities	empty_entities	empty_weight	total_weight	filled_weight
/m/02q6nc4	0.0	0	0	1	233793.0	233793.0	0.0
/m/06k3_t	0.0	0	0	1	165331.0	165331.0	0.0
/m/0chw_	0.0	0	0	1	129339.0	129339.0	0.0
/m/02r8mqf	0.0	0	0	1	122396.0	122396.0	0.0
/m/03wfpjd	0.0	0	0	1	121101.0	121101.0	0.0
/m/02kddt	0.0	0	0	1	120800.0	120800.0	0.0
/m/0bdxs5	0.0	0	0	1	109699.0	109699.0	0.0
/m/0hn8t6m	0.0	0	0	1	86644.0	86644.0	0.0
/m/034_bc	0.0	0	0	1	85858.0	85858.0	0.0
/m/0300jn	0.0	0	0	1	84655.0	84655.0	0.0
/m/0djpnw	0.0	0	0	1	76331.0	76331.0	0.0
/m/03f7m4h	0.0	0	0	1	70019.0	70019.0	0.0
/m/08cpnf	0.0	0	0	1	65712.0	65712.0	0.0
/g/12321gy6	0.0	0	0	1	63807.0	63807.0	0.0
/m/0czdgp5	0.0	0	0	1	63313.0	63313.0	0.0
/m/047sxrj	0.0	0	0	1	62979.0	62979.0	0.0
/m/09h5m9	0.0	0	0	1	60858.0	60858.0	0.0
/m/0bhvvf	0.0	0	0	1	58226.0	58226.0	0.0
/m/07myb2	0.0	0	0	1	58145.0	58145.0	0.0
/m/01w_24q	0.0	0	0	1	56344.0	56344.0	0.0
/m/0h1h46b	0.0	0	0	1	56200.0	56200.0	0.0
/m/0f1lfn	0.0	0	0	1	56125.0	56125.0	0.0
/m/01wmxfs	0.0	0	0	1	54100.0	54100.0	0.0
/m/02s_qz	0.0	0	0	1	53928.0	53928.0	0.0
/m/0gfg50n	0.0	0	0	1	51990.0	51990.0	0.0
/m/048lv	0.0	0	0	1	49964.0	49964.0	0.0
/m/027mj37	0.0	0	0	1	47285.0	47285.0	0.0
/m/0ndskr8	0.0	0	0	1	46523.0	46523.0	0.0
/m/0273sth	0.0	0	0	1	46250.0	46250.0	0.0
/m/0h7q7b	0.0	0	0	1	45322.0	45322.0	0.0
/m/095xc0	0.0	0	0	1	45283.0	45283.0	0.0
/m/06p83	0.0508592514497	0	0	1	45013.0	47425.0	2412.0
/m/0fg6cv	0.0	0	0	1	44980.0	44980.0	0.0
/m/071s9m	0.0	0	0	1	44908.0	44908.0	0.0
/m/06p426	0.0	0	0	1	43902.0	43902.0	0.0
/g/121d1tr4	0.0	0	0	1	42814.0	42814.0	0.0
/m/0cdys8	0.0	0	0	1	42545.0	42545.0	0.0
/m/044mfr	0.0	0	0	1	41424.0	41424.0	0.0
/m/0479b	0.0	0	0	1	41051.0	41051.0	0.0
/m/011zd3	0.0	0	0	1	40462.0	40462.0	0.0
/m/03f0wz3	0.0	0	0	1	39052.0	39052.0	0.0
/m/02tn8j	0.0	0	0	1	38135.0	38135.0	0.0
/m/02n8yh	0.0	0	0	1	37445.0	37445.0	0.0
/m/0693l	0.0	0	0	1	36939.0	36939.0	0.0
/m/07kt8k	0.0	0	0	1	36088.0	36088.0	0.0
/m/038rzr	0.0	0	0	1	35774.0	35774.0	0.0
/m/04q06_	0.0	0	0	1	35662.0	35662.0	0.0
/m/01yr6t	0.0	0	0	1	35556.0	35556.0	0.0
/m/02ktrs	0.0	0	0	1	35181.0	35181.0	0.0
/m/021yw7	0.0	0	0	1	35089.0	35089.0	0.0
/m/026q2s3	0.0	0	0	1	33871.0	33871.0	0.0
/m/0cc8crh	0.0	0	0	1	33231.0	33231.0	0.0
/m/0fd6sd	0.0	0	0	1	33187.0	33187.0	0.0
/m/04n4hrk	0.0	0	0	1	32721.0	32721.0	0.0
/m/016pns	0.0	0	0	1	32522.0	32522.0	0.0
/m/0296q2	0.0	0	0	1	31729.0	31729.0	0.0
/m/02xt6q	0.0	0	0	1	31433.0	31433.0	0.0
/m/0dkg24	0.0	0	0	1	30699.0	30699.0	0.0
/m/0dvmd	0.0	0	0	1	30574.0	30574.0	0.0
/m/01gkmx	0.0	0	0	1	30507.0	30507.0	0.0
/m/09gn6xm	0.0	0	0	1	30467.0	30467.0	0.0
/m/045m1_	0.0	0	0	1	30104.0	30104.0	0.0
/m/0gxrc1	0.0	0	0	1	30034.0	30034.0	0.0
/m/0fpg8_p	0.0	0	0	1	29916.0	29916.0	0.0
/m/01pgk0	0.0	0	0	1	29533.0	29533.0	0.0
/g/121_43cq	0.0	0	0	1	29024.0	29024.0	0.0
/m/033r13	0.0	0	0	1	28917.0	28917.0	0.0
/m/076zf_q	0.0	0	0	1	28558.0	28558.0	0.0
/m/01vwd7x	0.0	0	0	1	28359.0	28359.0	0.0
/m/01p7ws5	0.0	0	0	1	27626.0	27626.0	0.0
/m/01338h	0.0	0	0	1	27257.0	27257.0	0.0
/m/03f0qd7	0.0	0	0	1	27132.0	27132.0	0.0
/m/0gc2cnv	0.0	0	0	1	26785.0	26785.0	0.0
/m/03c1yzy	0.0	0	0	1	26701.0	26701.0	0.0
/m/07tmz3	0.0	0	0	1	26621.0	26621.0	0.0
/m/0271y0h	0.0	0	0	1	26540.0	26540.0	0.0
/m/05wm88	0.0	0	0	1	26249.0	26249.0	0.0
/m/03m6_z	0.0	0	0	1	25915.0	25915.0	0.0
/m/04yfh	0.0	0	0	1	25305.0	25305.0	0.0
/m/0dq4hn	0.0	0	0	1	25229.0	25229.0	0.0
/m/04jswm8	0.0	0	0	1	25145.0	25145.0	0.0
/m/086sx_	0.0	0	0	1	25143.0	25143.0	0.0
/m/05mzqkq	0.0	0	0	1	25142.0	25142.0	0.0
/m/064k68_	0.0	0	0	1	24337.0	24337.0	0.0
/m/064nc_9	0.0	0	0	1	24330.0	24330.0	0.0
/m/0517_k	0.0	0	0	1	23065.0	23065.0	0.0
/m/0fpwlg	0.0	0	0	1	22973.0	22973.0	0.0
/m/02880xr	0.0	0	0	1	22782.0	22782.0	0.0
/m/07sjb6	0.0	0	0	1	22611.0	22611.0	0.0
/m/0bqsj1s	0.0	0	0	1	22512.0	22512.0	0.0
/m/02vphc8	0.0	0	0	1	22511.0	22511.0	0.0
/m/051wcwn	0.0	0	0	1	22231.0	22231.0	0.0
/m/04ydywl	0.0	0	0	1	22064.0	22064.0	0.0
/m/01l72d6	0.0	0	0	1	22029.0	22029.0	0.0
/m/027k3cy	0.0	0	0	1	21897.0	21897.0	0.0
/m/03zzy4	0.0	0	0	1	21823.0	21823.0	0.0
/m/05n7g4	0.0	0	0	1	21805.0	21805.0	0.0
/m/0j9k00b	0.0	0	0	1	21800.0	21800.0	0.0
/m/0ndskm6	0.0	0	0	1	21755.0	21755.0	0.0
/m/04z_2fd	0.0	0	0	1	21701.0	21701.0	0.0
