total_weight,filled_weight,filled_entities,unsupported_entities,empty_weight,empty_entities,mid,coverage
922379,0,0,0,922379,1,/m/056gcd4,0
585933,0,0,0,585933,1,/m/043n6dp,0
415617,381,0,0,415236,1,/m/0bwdn,0.000916709
334783,0,0,0,334783,1,/m/06w2sn5,0
303568,0,0,0,303568,1,/m/02x0dzw,0
222950,0,0,0,222950,1,/m/03cm6b3,0
187362,0,0,0,187362,1,/m/0gg8zn1,0
181807,202,0,0,181605,1,/m/01_xtx,0.001111068
176172,0,0,0,176172,1,/m/02q6nc4,0
154408,0,0,0,154408,1,/m/06wm0z,0
152082,0,0,0,152082,1,/m/078pfr,0
151132,0,0,0,151132,1,/m/0dl567,0
150490,0,0,0,150490,1,/m/0b3w054,0
142241,0,0,0,142241,1,/m/05zbm4,0
126404,0,0,0,126404,1,/m/01nyx5k,0
125200,0,0,0,125200,1,/m/0275xcm,0
120885,0,0,0,120885,1,/m/0h10vt,0
120732,0,0,0,120732,1,/m/0928l6,0
120259,0,0,0,120259,1,/m/0478__m,0
116420,0,0,0,116420,1,/m/09n70c,0
111639,0,0,0,111639,1,/m/09gj98,0
107797,0,0,0,107797,1,/m/02r8mqf,0
104062,0,0,0,104062,1,/m/0bdxs5,0
99332,26,0,0,99306,1,/m/063rjh,0.000261748
99092,0,0,0,99092,1,/m/0134w7,0
94928,0,0,0,94928,1,/m/06k3_t,0
94145,0,0,0,94145,1,/m/02z14n,0
90940,0,0,0,90940,1,/m/03kxp7,0
89767,0,0,0,89767,1,/m/03rbf,0
88449,0,0,0,88449,1,/m/0pbkv__,0
88186,0,0,0,88186,1,/m/04gttgp,0
86644,0,0,0,86644,1,/m/0hn8t6m,0
85716,0,0,0,85716,1,/m/03wc52,0
85624,0,0,0,85624,1,/m/034_bc,0
85256,0,0,0,85256,1,/m/0bs1g5r,0
84650,0,0,0,84650,1,/m/0300jn,0
84263,0,0,0,84263,1,/m/076y8k6,0
82341,0,0,0,82341,1,/m/0b3p9c,0
80801,0,0,0,80801,1,/m/0hnctb7,0
80039,145,0,0,79894,1,/m/015z4j,0.001811617
79164,0,0,0,79164,1,/m/04cr6qv,0
77303,0,0,0,77303,1,/m/06h_sg,0
77047,0,0,0,77047,1,/m/02qhzxp,0
76646,0,0,0,76646,1,/m/01kywdj,0
76331,0,0,0,76331,1,/m/0djpnw,0
76103,0,0,0,76103,1,/m/01vx5w7,0
76043,0,0,0,76043,1,/m/0blq0z,0
75368,0,0,0,75368,1,/m/0gmbh5m,0
75200,0,0,0,75200,1,/m/02b9g4,0
74951,0,0,0,74951,1,/m/03qj4_j,0
74448,0,0,0,74448,1,/m/03b7gw,0
74339,0,0,0,74339,1,/m/02wwvxm,0
74045,0,0,0,74045,1,/m/09gkdy4,0
72972,0,0,0,72972,1,/m/0g7km1,0
72226,0,0,0,72226,1,/m/0h3clcp,0
70510,34,0,0,70476,1,/m/05bnp0,0.000482201
68889,0,0,0,68889,1,/m/0h62tzz,0
68659,0,0,0,68659,1,/m/0b19gn,0
67404,0,0,0,67404,1,/m/03bsht,0
67320,0,0,0,67320,1,/m/05mt_q,0
66836,0,0,0,66836,1,/m/085rlf,0
66326,0,0,0,66326,1,/m/0j9ljwz,0
65719,183,0,0,65536,1,/m/012xdf,0.002784583
65249,0,0,0,65249,1,/m/02vwjsl,0
64050,0,0,0,64050,1,/m/05cb70,0
63887,0,0,0,63887,1,/m/03f7m4h,0
63313,0,0,0,63313,1,/m/0czdgp5,0
63276,181,0,0,63095,1,/m/09yhzs,0.002860484
62877,0,0,0,62877,1,/g/12321gy6,0
62668,0,0,0,62668,1,/m/0dq9wx,0
62463,0,0,0,62463,1,/m/08sry2,0
62106,0,0,0,62106,1,/m/047sxrj,0
61543,0,0,0,61543,1,/m/0fphspm,0
61288,34004,1,0,27284,0,/m/06qjgc,0.55482313
61023,0,0,0,61023,1,/m/02p452,0
58847,0,0,0,58847,1,/m/09h4b5,0
58668,0,0,0,58668,1,/m/0chw_,0
58465,0,0,0,58465,1,/m/0bs6hr,0
58424,0,0,0,58424,1,/m/02crc4,0
58262,0,0,0,58262,1,/m/0gx70k,0
58226,0,0,0,58226,1,/m/0bhvvf,0
57686,1587,0,0,56099,1,/m/014g_s,0.027511008
57610,0,0,0,57610,1,/m/01g0jn,0
57536,0,0,0,57536,1,/m/043kzcr,0
57239,0,0,0,57239,1,/m/0cy_ct,0
56861,163,0,0,56698,1,/m/014zcr,0.00286664
56277,0,0,0,56277,1,/m/01w_24q,0
56195,0,0,0,56195,1,/m/0h1h46b,0
56002,0,0,0,56002,1,/m/03wfpjd,0
55108,0,0,0,55108,1,/m/0b86xd,0
54884,0,0,0,54884,1,/m/0n45_f7,0
54731,0,0,0,54731,1,/m/03m5111,0
54642,0,0,0,54642,1,/m/03zz8b,0
54609,0,0,0,54609,1,/m/07myb2,0
54405,0,0,0,54405,1,/m/02dzw5,0
53959,0,0,0,53959,1,/m/09v5vdy,0
53698,0,0,0,53698,1,/m/013_vh,0
53255,0,0,0,53255,1,/m/0bm5dn,0
52977,0,0,0,52977,1,/m/035pvg,0
52708,0,0,0,52708,1,/m/05b1zf9,0
52244,0,0,0,52244,1,/m/023v4_,0
51808,0,0,0,51808,1,/m/07ldhs,0
51291,0,0,0,51291,1,/m/0h724l,0
51163,0,0,0,51163,1,/m/02s_qz,0
51026,0,0,0,51026,1,/m/0gfg50n,0
50665,0,0,0,50665,1,/m/083r_5,0
50514,0,0,0,50514,1,/m/03c5bmy,0
49939,0,0,0,49939,1,/m/09nzdd,0
49931,0,0,0,49931,1,/m/0d0svz,0
49812,0,0,0,49812,1,/m/0czbw2h,0
49754,0,0,0,49754,1,/m/01l35sx,0
49652,0,0,0,49652,1,/m/0dlmdn_,0
49604,27,0,0,49577,1,/m/0161c2,0.000544311
48942,39,0,0,48903,1,/m/01p4vl,0.000796862
48697,0,0,0,48697,1,/m/048lv,0
48580,0,0,0,48580,1,/m/070507,0
48429,0,0,0,48429,1,/m/04066xj,0
48168,0,0,0,48168,1,/m/08wjf4,0
47768,0,0,0,47768,1,/m/09h5m9,0
46751,0,0,0,46751,1,/m/027mj37,0
46250,0,0,0,46250,1,/m/0273sth,0
45147,0,0,0,45147,1,/m/0501yh,0
43902,0,0,0,43902,1,/m/06p426,0
43298,0,0,0,43298,1,/m/01wmxfs,0
43201,0,0,0,43201,1,/m/0ndskr8,0
42814,0,0,0,42814,1,/g/121d1tr4,0
42717,0,0,0,42717,1,/m/0h96rwf,0
42099,0,0,0,42099,1,/m/0h7q7b,0
40706,7111,0,0,33595,1,/m/021m7h,0.174691692
40268,0,0,0,40268,1,/m/0479b,0
39719,0,0,0,39719,1,/m/044mfr,0
39441,0,0,0,39441,1,/m/011zd3,0
38135,0,0,0,38135,1,/m/02tn8j,0
37381,0,0,0,37381,1,/m/02n8yh,0
36855,0,0,0,36855,1,/m/08cpnf,0
36088,0,0,0,36088,1,/m/07kt8k,0
35948,0,0,0,35948,1,/m/0cdys8,0
35774,0,0,0,35774,1,/m/038rzr,0
35643,0,0,0,35643,1,/m/02kddt,0
35433,0,0,0,35433,1,/m/04q06_,0
35106,0,0,0,35106,1,/m/02ktrs,0
33871,0,0,0,33871,1,/m/026q2s3,0
33287,0,0,0,33287,1,/m/021yw7,0
32257,0,0,0,32257,1,/m/04n4hrk,0
31621,0,0,0,31621,1,/m/0fd6sd,0
31570,0,0,0,31570,1,/m/01yr6t,0
31551,0,0,0,31551,1,/m/0296q2,0
31416,0,0,0,31416,1,/m/024rrk,0
31109,0,0,0,31109,1,/m/0693l,0
30104,0,0,0,30104,1,/m/045m1_,0
29916,0,0,0,29916,1,/m/0fpg8_p,0
29899,1119,0,0,28780,1,/m/06p83,0.037426001
29868,0,0,0,29868,1,/m/02xt6q,0
29664,0,0,0,29664,1,/m/071s9m,0
29533,0,0,0,29533,1,/m/01pgk0,0
29344,0,0,0,29344,1,/m/02qw7l2,0
29024,0,0,0,29024,1,/g/121_43cq,0
28951,0,0,0,28951,1,/m/095xc0,0
28917,0,0,0,28917,1,/m/033r13,0
28558,0,0,0,28558,1,/m/076zf_q,0
28375,0,0,0,28375,1,/m/01gkmx,0
28359,0,0,0,28359,1,/m/01vwd7x,0
28254,0,0,0,28254,1,/m/0dkg24,0
28185,0,0,0,28185,1,/m/0dvmd,0
28074,0,0,0,28074,1,/m/016pns,0
28071,0,0,0,28071,1,/m/0fg6cv,0
27946,0,0,0,27946,1,/m/02qssrm,0
27650,0,0,0,27650,1,/m/03f0wz3,0
27225,0,0,0,27225,1,/m/01338h,0
27079,0,0,0,27079,1,/m/02q0sw8,0
26701,0,0,0,26701,1,/m/03c1yzy,0
26651,0,0,0,26651,1,/m/01p7ws5,0
26540,0,0,0,26540,1,/m/0271y0h,0
26053,0,0,0,26053,1,/m/02qt_x0,0
26015,0,0,0,26015,1,/m/05wm88,0
25896,0,0,0,25896,1,/m/01w61th,0
25305,0,0,0,25305,1,/m/04yfh,0
25229,0,0,0,25229,1,/m/0dq4hn,0
25184,0,0,0,25184,1,/m/0gxrc1,0
25145,0,0,0,25145,1,/m/04jswm8,0
25129,0,0,0,25129,1,/m/05mzqkq,0
24905,0,0,0,24905,1,/g/1233fzz4,0
24598,0,0,0,24598,1,/m/0cc8crh,0
24336,0,0,0,24336,1,/m/064k68_,0
23366,0,0,0,23366,1,/m/01lqf49,0
23252,0,0,0,23252,1,/m/03f0qd7,0
23203,0,0,0,23203,1,/m/0f1lfn,0
23199,0,0,0,23199,1,/m/03m6_z,0
23013,0,0,0,23013,1,/m/064nc_9,0
23000,0,0,0,23000,1,/m/0517_k,0
22960,0,0,0,22960,1,/m/0h97nl2,0
22782,0,0,0,22782,1,/m/02880xr,0
22611,0,0,0,22611,1,/m/07sjb6,0
22602,0,0,0,22602,1,/m/0fpwlg,0
22512,0,0,0,22512,1,/m/0bqsj1s,0
22509,0,0,0,22509,1,/m/086sx_,0
22447,0,0,0,22447,1,/m/035945,0
22405,0,0,0,22405,1,/m/0bgrs7,0
22309,0,0,0,22309,1,/m/07s6t9b,0
22211,0,0,0,22211,1,/m/051wcwn,0
22050,0,0,0,22050,1,/m/04ydywl,0
21897,0,0,0,21897,1,/m/027k3cy,0
21891,0,0,0,21891,1,/m/091d2_,0
21839,0,0,0,21839,1,/m/07tmz3,0
21832,0,0,0,21832,1,/m/09gn6xm,0
21823,0,0,0,21823,1,/m/03zzy4,0
21800,0,0,0,21800,1,/m/0j9k00b,0
21769,0,0,0,21769,1,/m/05n7g4,0
21755,0,0,0,21755,1,/m/0ndskm6,0
21701,0,0,0,21701,1,/m/04z_2fd,0
21691,0,0,0,21691,1,/m/0j9m4vm,0
21605,0,0,0,21605,1,/m/0gc2cnv,0
21568,0,0,0,21568,1,/m/05jgf0,0
21549,0,0,0,21549,1,/m/01l72d6,0
21490,0,0,0,21490,1,/m/02qpz4p,0
21469,0,0,0,21469,1,/m/02vml0q,0
21135,0,0,0,21135,1,/m/0ds2dyh,0
20904,0,0,0,20904,1,/m/04gqdpp,0
20777,0,0,0,20777,1,/m/02vphc8,0