total_weight	filled_weight	filled_entities	unsupported_entities	empty_weight	empty_entities	mid	coverage
922379.0	0.0	0	0	922379.0	1	/m/056gcd4	0.0
587018.0	0.0	0	0	587018.0	1	/m/043n6dp	0.0
503906.0	412.0	0	0	503494.0	1	/m/0bwdn	0.000817612808738
478909.0	0.0	0	0	478909.0	1	/m/0f1lfn	0.0
334783.0	0.0	0	0	334783.0	1	/m/06w2sn5	0.0
303568.0	0.0	0	0	303568.0	1	/m/02x0dzw	0.0
258498.0	0.0	0	0	258498.0	1	/m/044mfr	0.0
222950.0	0.0	0	0	222950.0	1	/m/03cm6b3	0.0
189592.0	0.0	0	0	189592.0	1	/m/0chw_	0.0
187869.0	0.0	0	0	187869.0	1	/m/0gg8zn1	0.0
182036.0	159.0	0	0	181877.0	1	/m/01_xtx	0.000873453602584
163966.0	0.0	0	0	163966.0	1	/m/047sxrj	0.0
154408.0	0.0	0	0	154408.0	1	/m/06wm0z	0.0
151132.0	0.0	0	0	151132.0	1	/m/0dl567	0.0
150490.0	0.0	0	0	150490.0	1	/m/0b3w054	0.0
149159.0	0.0	0	0	149159.0	1	/m/06k3_t	0.0
144912.0	0.0	0	0	144912.0	1	/m/0275xcm	0.0
142241.0	0.0	0	0	142241.0	1	/m/05zbm4	0.0
137873.0	0.0	0	0	137873.0	1	/m/03m6_z	0.0
134866.0	0.0	0	0	134866.0	1	/m/0928l6	0.0
126404.0	0.0	0	0	126404.0	1	/m/01nyx5k	0.0
120885.0	0.0	0	0	120885.0	1	/m/0h10vt	0.0
120259.0	0.0	0	0	120259.0	1	/m/0478__m	0.0
116420.0	0.0	0	0	116420.0	1	/m/09n70c	0.0
111854.0	0.0	0	0	111854.0	1	/m/03bsht	0.0
111639.0	0.0	0	0	111639.0	1	/m/09gj98	0.0
108979.0	0.0	0	0	108979.0	1	/m/03c1yzy	0.0
100408.0	25.0	0	0	100383.0	1	/m/063rjh	0.00024898414469
99092.0	0.0	0	0	99092.0	1	/m/0134w7	0.0
96910.0	0.0	0	0	96910.0	1	/m/038rzr	0.0
96688.0	0.0	0	0	96688.0	1	/m/03rbf	0.0
95408.0	0.0	0	0	95408.0	1	/m/021yw7	0.0
94145.0	0.0	0	0	94145.0	1	/m/02z14n	0.0
93677.0	0.0	0	0	93677.0	1	/m/04gttgp	0.0
90940.0	0.0	0	0	90940.0	1	/m/03kxp7	0.0
90208.0	0.0	0	0	90208.0	1	/m/0hnctb7	0.0
88449.0	0.0	0	0	88449.0	1	/m/0pbkv__	0.0
89801.0	1931.0	0	0	87870.0	1	/m/014g_s	0.0215031013018
87773.0	0.0	0	0	87773.0	1	/m/03wc52	0.0
87301.0	0.0	0	0	87301.0	1	/m/03qj4_j	0.0
86612.0	145.0	0	0	86467.0	1	/m/015z4j	0.00167413291461
85775.0	0.0	0	0	85775.0	1	/m/09gkdy4	0.0
85256.0	0.0	0	0	85256.0	1	/m/0bs1g5r	0.0
84263.0	0.0	0	0	84263.0	1	/m/076y8k6	0.0
82512.0	0.0	0	0	82512.0	1	/m/0b86xd	0.0
80098.0	44.0	0	0	80054.0	1	/m/05bnp0	0.000549327074334
77601.0	0.0	0	0	77601.0	1	/m/03b7gw	0.0
77315.0	0.0	0	0	77315.0	1	/m/06p426	0.0
76646.0	0.0	0	0	76646.0	1	/m/01kywdj	0.0
76103.0	0.0	0	0	76103.0	1	/m/01vx5w7	0.0
76043.0	0.0	0	0	76043.0	1	/m/0blq0z	0.0
75368.0	0.0	0	0	75368.0	1	/m/0gmbh5m	0.0
75256.0	0.0	0	0	75256.0	1	/m/0czdgp5	0.0
75200.0	0.0	0	0	75200.0	1	/m/02b9g4	0.0
74339.0	0.0	0	0	74339.0	1	/m/02wwvxm	0.0
72972.0	0.0	0	0	72972.0	1	/m/0g7km1	0.0
72753.0	0.0	0	0	72753.0	1	/m/05mt_q	0.0
72559.0	0.0	0	0	72559.0	1	/m/0fd6sd	0.0
72140.0	0.0	0	0	72140.0	1	/m/0dvmd	0.0
71026.0	0.0	0	0	71026.0	1	/m/02p452	0.0
70181.0	0.0	0	0	70181.0	1	/m/05cb70	0.0
69467.0	0.0	0	0	69467.0	1	/m/0271y0h	0.0
68889.0	0.0	0	0	68889.0	1	/m/0h62tzz	0.0
68774.0	0.0	0	0	68774.0	1	/m/0b19gn	0.0
68554.0	0.0	0	0	68554.0	1	/m/09h4b5	0.0
67493.0	0.0	0	0	67493.0	1	/m/07myb2	0.0
67147.0	0.0	0	0	67147.0	1	/m/02qssrm	0.0
66836.0	0.0	0	0	66836.0	1	/m/085rlf	0.0
66326.0	0.0	0	0	66326.0	1	/m/0j9ljwz	0.0
65674.0	0.0	0	0	65674.0	1	/m/02xt6q	0.0
65719.0	183.0	0	0	65536.0	1	/m/012xdf	0.00278458284514
65249.0	0.0	0	0	65249.0	1	/m/02vwjsl	0.0
63276.0	181.0	0	0	63095.0	1	/m/09yhzs	0.00286048422783
62668.0	0.0	0	0	62668.0	1	/m/0dq9wx	0.0
61115.0	0.0	0	0	61115.0	1	/m/0gxrc1	0.0
60291.0	0.0	0	0	60291.0	1	/m/01g0jn	0.0
58465.0	0.0	0	0	58465.0	1	/m/0bs6hr	0.0
58424.0	0.0	0	0	58424.0	1	/m/02crc4	0.0
58346.0	0.0	0	0	58346.0	1	/m/0gx70k	0.0
57286.0	0.0	0	0	57286.0	1	/m/0cy_ct	0.0
56861.0	163.0	0	0	56698.0	1	/m/014zcr	0.00286663970032
54884.0	0.0	0	0	54884.0	1	/m/0n45_f7	0.0
54731.0	0.0	0	0	54731.0	1	/m/03m5111	0.0
54405.0	0.0	0	0	54405.0	1	/m/02dzw5	0.0
54199.0	0.0	0	0	54199.0	1	/m/05b1zf9	0.0
53698.0	0.0	0	0	53698.0	1	/m/013_vh	0.0
53494.0	0.0	0	0	53494.0	1	/m/01pgk0	0.0
53255.0	0.0	0	0	53255.0	1	/m/0bm5dn	0.0
53187.0	0.0	0	0	53187.0	1	/m/02s_qz	0.0
52988.0	0.0	0	0	52988.0	1	/m/02qw7l2	0.0
52977.0	0.0	0	0	52977.0	1	/m/035pvg	0.0
52244.0	0.0	0	0	52244.0	1	/m/023v4_	0.0
51331.0	32.0	0	0	51299.0	1	/m/0161c2	0.000623404959966
51291.0	0.0	0	0	51291.0	1	/m/0h724l	0.0
50665.0	0.0	0	0	50665.0	1	/m/083r_5	0.0
50514.0	0.0	0	0	50514.0	1	/m/03c5bmy	0.0
49939.0	0.0	0	0	49939.0	1	/m/09nzdd	0.0
49812.0	0.0	0	0	49812.0	1	/m/0czbw2h	0.0
49754.0	0.0	0	0	49754.0	1	/m/01l35sx	0.0
49668.0	0.0	0	0	49668.0	1	/m/0dlmdn_	0.0
